	Intrusion	Locality	Petrology	Outcrop	Symbol	Colour	SiO2	Ti	Y	ZrO2	La	Ce	Pr	#N/A	Nd	Sm	Eu	Gd	Tb	Dy	Ho	Er	Tm	Yb	Lu	Hf	Ta	Pb	Pb	Th	U
16ALT59-1	Sazava	Mrac	bi-amph quartz diorite	working quarry	10	4	32.65904584	4.643377833	222.2248747	57.82408708	0.013157608	12.82929026	0.041060835	#N/A	0.47001405	0.877019036	0.277928201	4.592484795	1.515634642	18.70176463	7.353679395	33.4575058	7.617617632	75.33788759	16.43796535	9976.233484	0.549840824	0.832710874	48.77740919	40.23534847	85.72643166
16ALT59-2	Sazava	Mrac	bi-amph quartz diorite	working quarry	10	4	32.65904584	8.06870675	269.1131279	58.02940218	0	16.73832208	0.041560817	#N/A	0.780132957	1.515035004	0.411557765	6.502448209	1.951394771	22.76951387	8.453530306	40.42703272	8.783430402	87.65828242	18.98925881	9161.082849	0.473443579	0.634287697	7.043902283	13.80240278	13.921549
16ALT59-3	Sazava	Mrac	bi-amph quartz diorite	working quarry	10	4	32.65904584	3.705768972	417.6891355	60.10781589	2.171672077	20.73075614	0.621841851	#N/A	3.357737673	2.662542028	0.498282932	10.27512784	3.306147561	37.06961205	13.59558849	63.21941305	13.58778999	127.5835791	26.98689624	9014.792025	0.60604599	0.60377316	89.1444285	83.91437781	120.7986193
16ALT59-4	Sazava	Mrac	bi-amph quartz diorite	working quarry	10	4	32.65904584	3.917960284	193.6307439	61.42512903	0.002647185	13.13936915	0.02944015	#N/A	0.543781795	0.971971137	0.269131449	4.596012033	1.379064448	16.35080009	6.199583038	28.90801477	6.301033284	62.99470328	13.55276116	9002.056909	0.428199874	0	4.393339208	7.30173735	9.094474422
16ALT59-5	Sazava	Mrac	bi-amph quartz diorite	working quarry	10	4	32.65904584	7.071516804	398.1921259	63.82253169	0.038419719	15.94949841	0.082153495	#N/A	1.351910556	2.537382184	0.600692521	11.32021977	3.275999438	35.92489418	13.16226556	58.97301674	12.51379737	116.4540838	24.40788164	9034.333933	0.48662722	0	71.48847763	79.69528363	107.7104711
16ALT59-6	Sazava	Mrac	bi-amph quartz diorite	working quarry	10	4	32.65904584	4.212903494	161.7503231	68.96381594	0.00961433	13.09352846	0.025493418	#N/A	0.304863213	0.694931949	0.229755546	4.067247484	1.130984232	12.86475193	5.118441714	24.3045125	5.312513785	53.40122012	11.35380214	9559.776397	0.400716026	2.015076896	4.791078128	8.379057486	10.86611421
16ALT59-7	Sazava	Mrac	bi-amph quartz diorite	working quarry	10	4	32.65904584	8.121000578	843.0823721	65.63227365	0.869686735	45.20210027	0.635020221	#N/A	4.936639051	5.357550945	3.132292445	23.87453338	7.115688178	77.72461204	28.26743666	125.1736949	25.22231349	231.5281412	46.41132668	9060.124161	0.731702224	0.61526019	209.6578526	380.7162835	394.3256486
16ALT59-8	Sazava	Mrac	bi-amph quartz diorite	working quarry	10	4	32.65904584	6.063964897	136.3221531	61.82645306	0.000904913	10.16247563	0.024965742	#N/A	0.255916344	0.789468179	0.156942931	2.942990999	0.973698678	10.76890456	4.03322211	20.47949173	4.622361822	47.21702116	10.59844742	7998.99429	0.417263069	0.863011057	20.68876574	18.59408622	44.780253
16ALT59-9	Sazava	Mrac	bi-amph quartz diorite	working quarry	10	4	32.65904584	5.698138579	179.3730002	66.47641397	0.011978906	16.59104029	0.03634379	#N/A	0.62937092	1.10072593	0.315784254	4.047844142	1.302235898	14.75326382	5.673894383	26.97756321	5.862448303	58.82530006	12.84091014	9465.750527	0.406785856	0.547127723	14.59707124	10.47023109	31.8173205
16ALT59-10	Sazava	Mrac	bi-amph quartz diorite	working quarry	10	4	32.65904584	3.727595844	233.9311332	65.97738273	0.001898366	14.90828321	0.04824559	#N/A	0.728159959	1.233557467	0.404936108	5.734098847	1.729109854	20.29456234	7.614564362	34.65771161	7.498589598	73.97084403	16.01867713	8094.331317	0.380640372	0.665020765	7.48249281	15.64120546	13.89993393
16ALT59-11	Sazava	Mrac	bi-amph quartz diorite	working quarry	10	4	32.65904584	4.687940589	306.3532267	69.32111464	2.111936925	22.4653719	0.58265134	#N/A	2.700997914	1.631015651	0.376621272	7.6788794	2.366914743	26.20852023	10.06247559	45.9730087	9.684051088	91.05488061	19.5066461	8491.488334	0.397417554	0.525872703	88.42080809	82.53260406	127.1427898
16ALT59-12	Sazava	Mrac	bi-amph quartz diorite	working quarry	10	4	32.65904584	18.86868378	252.2698725	70.49710785	2.14484234	16.99497944	0.569310436	#N/A	2.947720927	1.681148071	0.502035515	6.655738824	2.049477757	21.67439153	8.004434246	37.17908792	8.129878713	76.12429807	16.47718931	7851.437214	0.320709453	1.575606711	63.62703823	59.73225019	92.74818183
16ALT59-13	Sazava	Mrac	bi-amph quartz diorite	working quarry	10	4	32.65904584	6.44941102	166.154226	83.12477404	0.000362016	12.8644601	0.028507202	#N/A	0.463311748	0.731336323	0.189636742	3.656281563	1.120774887	13.42169428	5.167326807	24.42386776	5.461202423	54.75349991	11.94213638	8867.911959	0.309105754	0	7.050336706	9.886288492	15.47709645
16ALT59-14	Sazava	Mrac	bi-amph quartz diorite	working quarry	10	4	32.65904584	6.264131992	179.7334937	75.3826007	14.03842323	43.95477223	3.592863732	#N/A	14.08907416	2.454216962	0.428994897	5.317893269	1.25333651	14.57478354	5.412354854	26.45586437	5.911871144	58.64422936	13.11599213	8819.841311	0.369225043	0.499513428	10.81146818	5.465789805	18.56018894
16ALT59-15	Sazava	Mrac	bi-amph quartz diorite	working quarry	10	4	32.65904584	5.409012228	173.5699899	79.52934223	0.012822998	11.77670839	0.015658482	#N/A	0.401303696	1.121160627	0.259306963	4.356929183	1.293687667	14.52047011	5.291436301	25.04274275	5.781515434	55.89295147	12.35422476	8385.039144	0.294185035	0.18356631	5.034759802	8.277130382	10.19101721
16ALT59-16	Sazava	Mrac	bi-amph quartz diorite	working quarry	10	4	32.65904584	6.318776644	314.7180416	86.47404518	0.083347035	16.25362524	0.073270004	#N/A	0.965045292	1.797789669	0.489484905	8.77373371	2.611966021	27.89678999	10.3741012	46.75491337	9.776369972	91.92204221	19.23274062	8680.636127	0.382874362	0	53.36256498	63.94400203	94.16098302
16ALT59-17	Sazava	Mrac	bi-amph quartz diorite	working quarry	10	4	32.65904584	3.022487596	174.9054536	96.14005753	0.007591493	13.73838212	0.045505184	#N/A	0.34036735	0.753261597	0.216323433	3.626925867	1.216364966	13.84746811	5.41924027	26.62025686	6.007332116	60.99291086	13.22689341	10110.11283	0.357670131	0	9.151399403	5.383653381	18.17926624
16ALT59-18	Sazava	Mrac	bi-amph quartz diorite	working quarry	10	4	32.65904584	5.246342606	127.7620274	92.33250616	0.011590954	9.224599453	0.030451888	#N/A	0.247817877	0.651115693	0.181976296	2.706124229	0.861420348	10.12334482	3.98815409	18.33019202	4.356263722	44.35764722	10.1261924	9427.876849	0.658767737	0.673307184	99.28792896	18.33657243	234.1432011
16ALT59-19	Sazava	Mrac	bi-amph quartz diorite	working quarry	10	4	32.65904584	7.356968971	173.9122561	98.91929063	0.009411889	13.03801495	0.035273865	#N/A	0.4724673	0.887852151	0.284543956	4.03715272	1.239890515	13.91749437	5.338927513	24.86418565	5.720416406	58.34832985	12.35597693	9117.612302	0.347912524	0.384012364	7.883401946	14.59996288	16.4113399
16ALT59-20	Sazava	Mrac	bi-amph quartz diorite	working quarry	10	4	32.65904584	6.371948918	425.9186659	96.86602159	0.005490865	25.33182048	0.102351083	#N/A	1.65707858	2.664917344	0.601331439	11.4266797	3.247653137	36.53584873	13.54154194	61.46567475	13.47539866	127.6976172	27.7410314	8335.954095	0.522858673	0.911676578	15.51331621	36.89911684	30.09344185
16ALT59-21	Sazava	Mrac	bi-amph quartz diorite	working quarry	10	4	32.65904584	4.603277378	246.2082877	88.01070363	0.03478102	18.7472595	0.073092184	#N/A	0.853908896	1.568608396	0.737922607	5.921454948	1.699930858	19.77528413	7.757045149	35.45955483	7.675755365	76.92295617	16.10648528	7991.931125	0.377595826	0	8.409093349	14.55735663	15.84045829
16ALT59-22	Sazava	Mrac	bi-amph quartz diorite	working quarry	10	4	32.65904584	6.242941877	304.8864204	93.73186749	0	15.92200482	0.02411943	#N/A	0.715927476	1.321497702	0.358823851	7.005535299	2.233123691	25.64233245	9.748826834	45.35214969	9.874030182	92.77842298	19.81944084	8930.792488	0.41261135	0.570944211	87.28810798	74.78170031	119.098879
16ALT59-23	Sazava	Mrac	bi-amph quartz diorite	working quarry	10	4	32.65904584	5.280627818	98.4508601	102.2006063	0.001913002	7.566610323	0.017760842	#N/A	0.320564137	0.463475178	0.166832363	2.371039646	0.657661687	7.865584717	3.037354728	14.67086546	3.384775467	35.95717528	8.484117492	8689.297249	0.355975552	0.013653226	17.53944954	23.59532086	39.88300805
16ALT59-24	Sazava	Mrac	bi-amph quartz diorite	working quarry	10	4	32.65904584	0.597678688	469.5403511	106.3686167	0.111745706	25.9801741	0.118057301	#N/A	1.878552059	2.728185674	0.735842066	13.56525389	3.837181467	41.38421534	15.16917651	65.67127424	13.58025231	128.9754159	25.90983062	9624.161841	0.387878041	0	62.78719171	95.15620422	142.3659654
16ALT59-25	Sazava	Mrac	bi-amph quartz diorite	working quarry	10	4	32.65904584	13.88599424	195.5333765	113.0821264	0.142859451	15.44527701	0.102888078	#N/A	1.031360708	1.27588793	0.532067479	5.124068782	1.432545819	16.25494125	6.26304144	28.57168571	6.286915267	62.90051032	13.25384553	8290.928584	0.268932466	0.895721609	4.755869293	10.74482594	9.436023803
